3.760623498574664154e+02 5.523352872462454488e-02
3.761140127299810274e+02 5.261122517824044775e-02
3.766069626385582865e+02 4.980923899296536145e-02
3.768377234691237163e+02 4.721409389419845004e-02
3.780233863933348744e+02 4.482596680429321717e-02
3.787976119411586069e+02 4.278381359553106583e-02
3.790587964633160141e+02 3.834850649822339752e-02
3.794268944299828945e+02 4.083480796360020731e-02
3.811106735500227956e+02 3.652645938545600462e-02
3.817840129884637577e+02 3.437138922927693990e-02
3.812394002073718298e+02 3.811447740786887139e-02
3.820643917028401120e+02 3.239290971581298278e-02
3.832068946023047147e+02 3.074512745757122800e-02
3.832585574748193835e+02 2.928545144867491026e-02
3.837461258341763823e+02 2.786659269499670855e-02
3.842358468132214853e+02 2.646279023451954260e-02
3.851571680397327100e+02 2.520600884408701059e-02
3.860827945056201997e+02 2.391179450753282490e-02
3.861323047584467076e+02 2.282275023771231787e-02
3.872785747423654925e+02 2.158509656086778083e-02
3.866715359903183753e+02 2.068595376394674959e-02
3.882164711404752211e+02 1.942968318807567971e-02
3.883939905107546906e+02 1.833544900264588717e-02
3.894516443175129439e+02 1.760676358507848663e-02
3.899316785079615784e+02 1.687299265105253118e-02
3.904246284165388943e+02 1.597436517844899595e-02
3.909208072546482526e+02 1.507769055347832170e-02
3.918744177764812093e+02 1.393158541007076534e-02
3.932746968835970165e+02 1.272980255463241825e-02
3.937827151299911179e+02 1.188206387282495467e-02
3.951582391106936143e+02 1.111309698613612874e-02
3.967533302995833537e+02 1.037280826550231357e-02
3.972591959262892942e+02 9.701675573894794416e-03
3.984108474594283962e+02 9.129191352561872100e-03
3.997852951302868973e+02 8.547037772217904589e-03
4.020283248452979024e+02 8.009987752561549199e-03
4.025212747538752183e+02 7.583389152151406333e-03
4.043187121934473112e+02 7.179332555099933108e-03
4.061934286798226594e+02 6.859064729708616234e-03
4.086788433717149474e+02 6.541066208434491783e-03
4.105629237537335143e+02 6.194419062107939938e-03
4.120984950082470846e+02 5.869749198595848594e-03
4.141384250556848770e+02 5.654102520238747306e-03
4.165423630923821179e+02 5.364182874600574580e-03
4.188187584125589069e+02 5.075236702618521854e-03
4.197449230333684227e+02 4.812207459193241360e-03
4.221865319146075990e+02 4.590504017046727336e-03
4.231046242115866676e+02 4.385802747040140094e-03
4.258908316278976258e+02 4.254256186292637229e-03
4.289980356419854388e+02 4.417807450756134832e-03
4.308314525820588869e+02 4.818512526268521438e-03
4.324932749812801376e+02 5.183047671661996508e-03
4.328764412857637467e+02 5.441341587386546233e-03
4.341195791556475001e+02 5.764749254716729915e-03
4.349327312428312098e+02 6.079642343187531897e-03
4.357458833300148626e+02 6.411736120324121671e-03
4.372177370417604152e+02 6.720898261052384894e-03
4.391039700434670863e+02 7.181863490567980471e-03
4.415669974906030006e+02 7.591600253271674897e-03
4.436237538486028598e+02 8.028028437284737487e-03
4.465726378099153067e+02 8.442342097055617264e-03
4.501732786346527178e+02 8.968996823921424055e-03
4.527402776127244124e+02 9.330091402385311261e-03
4.561882361981552094e+02 9.602842239957288736e-03
4.596394237131181626e+02 9.853565696686279740e-03
4.629971875336171365e+02 1.017251416428219084e-02
4.665240396306172102e+02 1.054974992313940929e-02
4.699671548217497730e+02 1.090778253360916682e-02
4.734134989424143782e+02 1.124373246520610561e-02
4.768598430630792109e+02 1.159002935377548282e-02
4.803061871837439298e+02 1.194699187632396187e-02
4.837541457691747269e+02 1.229624376467092911e-02
4.871164300910187421e+02 1.264034618118654515e-02
4.906290748980773060e+02 1.328562631591490191e-02
4.941455944205744117e+02 1.391299950174138336e-02
4.966144339408681958e+02 1.462650160162568165e-02
4.990798292696610474e+02 1.542653710709791966e-02
5.009362484886873972e+02 1.627381873320717098e-02
5.029630475560276750e+02 1.722508469767974545e-02
5.049879092656487956e+02 1.826524163183477698e-02
5.067538108267901862e+02 1.933300958660757671e-02
5.080050210205043300e+02 2.032699659601662490e-02
5.100353719103300136e+02 2.144335845518165889e-02
5.113641840438005488e+02 2.274545500464966036e-02
5.134705224086166027e+02 2.424389710087660951e-02
5.151323448078378533e+02 2.607802174129055309e-02
5.165384359881114733e+02 2.791493167744896545e-02
5.184635237751886052e+02 2.995976669932578704e-02
5.201253461744098558e+02 3.222631428017248140e-02
5.217860922637869407e+02 3.469947789927196879e-02
5.234624448459029509e+02 3.681746824912212473e-02
5.247158076593052556e+02 3.863202619170102992e-02
5.263980799455634951e+02 4.076223291943036064e-02
5.280728180629133703e+02 4.331607366633866141e-02
5.297475561802632456e+02 4.602991797766056714e-02
5.317708034251181743e+02 4.888373639945952503e-02
5.335367049862595650e+02 5.174143126542452009e-02
5.352195154274398874e+02 5.456684848848766811e-02
5.369120126572166782e+02 5.702410601539403823e-02
5.386863094351416521e+02 5.988248563455482454e-02
5.411489063583399002e+02 6.332453961384704177e-02
5.436205442842282309e+02 6.639685328753844318e-02
5.471493337389475755e+02 6.873361647720141465e-02
5.506424973378286722e+02 6.779524949738977013e-02
5.539018864385810730e+02 6.518402702808652471e-02
5.576385113241874478e+02 6.535797369895125775e-02
5.608844311760342407e+02 6.826950739622800191e-02
5.645069825940256578e+02 7.104748267557421670e-02
5.680001461929068682e+02 7.007752626765535731e-02
5.715110689042148806e+02 6.797470432516718175e-02
5.750236060802890279e+02 6.583483550784390015e-02
5.785183841439361458e+02 6.483741417863443657e-02
5.820034754189869091e+02 6.444013442998432206e-02
5.854659641873124656e+02 6.542279635941100624e-02
5.889252240261058660e+02 6.662267128233259617e-02
5.923860983296654013e+02 6.774150549020294121e-02
5.958663462104177597e+02 6.763414525713004610e-02
5.993724255274275947e+02 6.590448646738422678e-02
6.028978784216303666e+02 6.305830812470790414e-02
6.054657384475772233e+02 6.039119498345301568e-02
6.090775113912732195e+02 5.781816369533322036e-02
6.125948919616456578e+02 5.574325334559575296e-02
6.160961278843572018e+02 5.456594694428261449e-02
6.195892914832382985e+02 5.382100021429857273e-02
6.230711538287569056e+02 5.365408457011936610e-02
6.265368715266145045e+02 5.430692111160979885e-02
6.299961313654080186e+02 5.530292734199050014e-02
6.334489333451369930e+02 5.666065700339681377e-02
6.369081931839305071e+02 5.769983149971685821e-02
6.404126580361742072e+02 5.630975736849198193e-02
6.432890960944116614e+02 5.371506407751114320e-02
6.449473666711473925e+02 5.127228120665216354e-02
6.474301982194140237e+02 4.901426595203332848e-02
6.494002757579726222e+02 4.645900507170197535e-02
6.518986061679934210e+02 4.376958764613735064e-02
6.537836552288717940e+02 4.141221029787454239e-02
6.555843215979760998e+02 3.908668737301934648e-02
6.573785301080160934e+02 3.711674356770788136e-02
6.587292989623053927e+02 3.553327070337479465e-02
6.608651282168484613e+02 3.394109459844283500e-02
6.627304808075805340e+02 3.271413696344273314e-02
6.662252588712277657e+02 3.221850607559566954e-02
6.696893621043194571e+02 3.266013140153715272e-02
6.731324772954519631e+02 3.376853607360715687e-02
6.763758601312376868e+02 3.535719316651340927e-02
6.790065459003676551e+02 3.803797958148444347e-02
6.807592088504270578e+02 4.076661072415072723e-02
6.824178023201161523e+02 4.398423985181733331e-02
6.832261110130016277e+02 4.659884046626022042e-02
6.836092773174852937e+02 4.892106432656947307e-02
6.846350005988697376e+02 5.182891561969227290e-02
6.857360655693382796e+02 5.551375632292445544e-02
6.864464300664146776e+02 5.942487559841483358e-02
6.868199095823018752e+02 6.295784996855471882e-02
6.877827763687936340e+02 6.792788819351626428e-02
6.886168088669520557e+02 7.317913596066261128e-02
6.893361067357341199e+02 8.092477686429255801e-02
6.892190042247009387e+02 7.670896687754949483e-02
6.901817633802082810e+02 8.623184745772918824e-02
6.908868539590487217e+02 9.664316110323402376e-02
6.903362138428301478e+02 9.149792143512398834e-02
6.916699770015834474e+02 1.048448925173595114e-01
6.922262139289911147e+02 1.195576444110598990e-01
6.922886398999462472e+02 1.127332594326673904e-01
6.931987675040793420e+02 1.278246917985724485e-01
6.939289361022863432e+02 1.457616883668078345e-01
6.938234577375690151e+02 1.366642835446685578e-01
6.947555420625208171e+02 1.581317886416014895e-01
6.954745170383496315e+02 1.749224066249644993e-01
6.953625808145679912e+02 1.650051994760171892e-01
6.963011229985841055e+02 1.897672381750341863e-01
6.954594487005329029e+02 1.506223527961214614e-01
6.970252642616644607e+02 2.088983742565136414e-01
6.969113906801633220e+02 1.974146643546369206e-01
6.978083873041989591e+02 2.266267715785881820e-01
6.970050296365961913e+02 1.807554834045929926e-01
6.987564010148428224e+02 2.479606090933567097e-01
6.996323019659348574e+02 2.675356348414340002e-01
7.002070514226603564e+02 2.877814636193148923e-01
6.993298588997554361e+02 2.361859258263550032e-01
7.010137456507798106e+02 3.053521435766263781e-01
7.021157793001078744e+02 3.267633827257211410e-01
7.024059524340650569e+02 3.450002406939307042e-01
7.036463995293387370e+02 3.664325607367123760e-01
7.040333329182765283e+02 3.833315148875404699e-01
7.048513283997584722e+02 4.024312749655236110e-01
7.060858557908898092e+02 4.298202627689115540e-01
7.077444492605789037e+02 4.637451383614574763e-01
7.091492488690396385e+02 4.970148961756335471e-01
7.109850029390602231e+02 5.346138199467701524e-01
7.128259232963322347e+02 5.722667586402379047e-01
7.152753892394330251e+02 6.126886760776290020e-01
7.178230146403116123e+02 6.490879133132988477e-01
7.202903473268238486e+02 6.833439335131098469e-01
7.237965342748179864e+02 7.226083153133860959e-01
7.272251192830558466e+02 7.574230039375726697e-01
7.306650055446561964e+02 7.855124456570695690e-01
7.341113496653208585e+02 8.097055253755115478e-01
7.375593082507517693e+02 8.333760180543254847e-01
7.410121102304808574e+02 8.538360441903731779e-01
7.444665266749759667e+02 8.734696780327451116e-01
7.479257865137693670e+02 8.894893901350255927e-01
7.513931186763931009e+02 8.989448060990329337e-01
7.548604508390169485e+02 9.085007346627899105e-01
7.583342408607051084e+02 9.125927019075821267e-01
7.618031874880949772e+02 9.208928689858423278e-01
7.652753630450170022e+02 9.264478018278156091e-01
7.687475386019390271e+02 9.320362426704678072e-01
7.722261720179253643e+02 9.319746484188135005e-01
7.757048054339118153e+02 9.319130582376571326e-01
7.791834388498982662e+02 9.318514721267308065e-01
7.826620722658846034e+02 9.317898900857639610e-01
7.861455490761692317e+02 9.274892450463422255e-01
7.896322548159860162e+02 9.204061189086948369e-01
7.931076593024401973e+02 9.231474386291924628e-01
7.965766059298300661e+02 9.315436026161210137e-01
8.000536248810503821e+02 9.328989897466178904e-01
8.069995904596605669e+02 9.427535501399366691e-01
8.104717660165827056e+02 9.484403491519940443e-01
8.139439415735047305e+02 9.541614515967976606e-01
8.174225749894910678e+02 9.540983951855999123e-01
8.209012084054775187e+02 9.540353429415294739e-01
8.243798418214638559e+02 9.539722948643093448e-01
8.278681620260467753e+02 9.452490299446603128e-01
8.313500243715652687e+02 9.423175190081344299e-01
8.348302722523177408e+02 9.408240855844555162e-01
8.383218213864328163e+02 9.293913621916479739e-01
8.418198283796122041e+02 9.125323925955990401e-01
8.453113775137272796e+02 9.014434647169706771e-01
8.488142279012048448e+02 8.810645800120410209e-01
8.523170782886824099e+02 8.611463996752400929e-01
8.558247720704583799e+02 8.378491394446750951e-01
8.593227790636377676e+02 8.226507270829929164e-01
8.628175571272849993e+02 8.101872740288040831e-01
8.662945760785052016e+02 8.113660888490951129e-01
8.697651371706612053e+02 8.175020196786186855e-01
8.732260114742207406e+02 8.312308181043596145e-01
8.769364820306165029e+02 8.542268989262226109e-01
8.801186997155501786e+02 8.832216403203844157e-01
8.835650438362148407e+02 9.104240757133081896e-01
8.870162313511777938e+02 9.341946079836749295e-01
8.904706477956730168e+02 9.556760563196513569e-01
8.939282931697002823e+02 9.746838740609424789e-01
9.008645719597139987e+02 9.940040520026987014e-01
9.043367475166360236e+02 1.000000000000000000e+00
9.078153809326223609e+02 9.999339143170241639e-01
9.112940143486088118e+02 9.998678330013672788e-01
9.147774911588934401e+02 9.952529764958093494e-01
9.182641968987102246e+02 9.876523467213512708e-01
9.217557460328251864e+02 9.756505748052892724e-01
9.252569819555368440e+02 9.550446790560452870e-01
9.261492428162586066e+02 9.349203221303306055e-01
9.295551176867868435e+02 9.224384831772644011e-01
9.331501001969155595e+02 8.972087612599400908e-01
9.364069061540421899e+02 8.647521463089067328e-01
9.401816324081281664e+02 8.365074520366239108e-01
9.431316183057095941e+02 7.971527841586207863e-01
9.457057926827413894e+02 7.693384696612038942e-01
9.475350888936975480e+02 7.363610402873050909e-01
9.507870514565260009e+02 7.129668796460624236e-01
9.543044320268984393e+02 6.873807616677588550e-01
9.575383125843466132e+02 6.769700524758583970e-01
9.613020604780232361e+02 6.616625467248496983e-01
9.647871517530739993e+02 6.576083268953879513e-01
9.684528324441020004e+02 6.571343189162782705e-01
9.714453838333731710e+02 6.632130558486047933e-01
9.737859989742452171e+02 6.498784110009386827e-01
9.769586016245719975e+02 6.597921849805714611e-01
9.756917849381192127e+02 6.368171349083531219e-01
9.804280864068839492e+02 6.654558391903478975e-01
9.840371326989748013e+02 6.745755141854657966e-01
9.876391829770798267e+02 6.883391929479302229e-01
9.865108514905620041e+02 6.684199791822723613e-01
9.908171671766267536e+02 6.953077976226560430e-01
9.944964554992548074e+02 6.859618067941265496e-01
9.970574578939096000e+02 7.176189525341177822e-01
9.964990068433939996e+02 6.764691554027438825e-01
1.000344661916203222e+03 7.210102709477756999e-01
1.003802307290230601e+03 7.353507283958279350e-01
1.007227663368936419e+03 7.731261030361971098e-01
1.007266410523322406e+03 7.454303237795226744e-01
1.010857697702986457e+03 7.683867941671838064e-01
1.012854611233656783e+03 7.920742298994751796e-01
1.015696376739060952e+03 8.038130708734807506e-01
1.018717732229872809e+03 7.743012507058310012e-01
1.019335072804713150e+03 8.239021242441726400e-01
1.021330910025539424e+03 8.501620312581219530e-01
1.021713358790127018e+03 7.792045425537746928e-01
1.023641388490778013e+03 8.570443573001399473e-01
1.024562709717289181e+03 8.163412647885663898e-01
1.025407397682903593e+03 7.700448889782514073e-01
1.025113780357445421e+03 7.317088697290783372e-01
1.028056411471092360e+03 8.047885195441889516e-01
1.027664634687856505e+03 7.728259825559705698e-01
1.030031798804881646e+03 8.465830846050599323e-01
1.031662766988573367e+03 8.178870524451190560e-01
1.031855785220607231e+03 8.959817084932383269e-01
1.032344429889808225e+03 8.517085345156506504e-01
