3.746287051451848242e+02 1.472257545973732484e-01
3.746803680176994931e+02 1.402359672831391402e-01
3.753459580252632009e+02 1.329283394772884930e-01
3.764498214013261759e+02 1.255925462967213968e-01
3.763383157014820881e+02 1.184240786894964065e-01
3.774309854551668764e+02 1.130741283016461207e-01
3.792159377005480678e+02 1.175567794356926071e-01
3.804291541567670834e+02 1.087525258263939559e-01
3.819777487603936947e+02 1.017965857799838225e-01
3.840629196982765734e+02 9.656766503709547644e-02
3.864616555707276007e+02 8.958717707094451810e-02
3.859450268455811397e+02 9.676011281857611890e-02
3.890439381485848571e+02 8.464083511707624907e-02
3.909299558883228087e+02 8.000917887577710386e-02
3.930092071220633443e+02 7.632359755510029209e-02
3.953412117841829740e+02 7.539778800270795223e-02
3.963417494152167251e+02 7.234274663093342994e-02
3.997573110743413736e+02 7.072891342630713285e-02
4.023174216694110896e+02 6.823339043727090492e-02
4.058322190961577007e+02 6.594489599210001662e-02
4.077919640602135019e+02 6.311803424019872544e-02
4.103600393481291349e+02 6.043614512210406658e-02
4.125917678097775934e+02 5.724452302677734972e-02
4.141750195903828171e+02 5.403015200734730822e-02
4.157453556528593026e+02 5.162018198478465769e-02
4.171020442112907745e+02 4.914330360423345423e-02
4.184678814033968592e+02 4.638402052935842318e-02
4.210568371022872611e+02 4.354857142421177801e-02
4.230569078085002275e+02 4.238021993764375106e-02
4.254585138405353746e+02 4.494363158179003753e-02
4.250818053951160209e+02 4.255071167034554097e-02
4.272047189315304649e+02 4.846139081724538250e-02
4.279221870735776747e+02 5.152985720779725692e-02
4.282956665894648722e+02 5.459345074465895425e-02
4.292617623054887872e+02 5.872438772397448742e-02
4.303940402614348955e+02 6.363025590083290495e-02
4.306807692038912023e+02 6.739970197783957950e-02
4.317011109360553860e+02 7.176863023133644992e-02
4.328079879796817977e+02 7.645161384475356037e-02
4.341271133245559213e+02 8.183692475999554405e-02
4.359719083972664748e+02 8.728172314016437172e-02
4.378309107599185950e+02 9.185189464806579884e-02
4.403019028999004831e+02 9.636684268658612940e-02
4.430030818385309885e+02 1.012673333139190585e-01
4.462894145623795339e+02 1.058780363410244396e-01
4.497293008239799974e+02 1.098045805781482503e-01
4.531788738741768157e+02 1.128428942138932217e-01
4.566381337129702160e+02 1.149124688351509105e-01
4.600957790869975952e+02 1.171980082178492311e-01
4.635518099962587257e+02 1.197108303386390377e-01
4.670175276941164952e+02 1.211674129098147812e-01
4.704848598567402860e+02 1.224554420904337415e-01
4.739505775545979986e+02 1.239454197490130194e-01
4.774179097172217894e+02 1.252629795912753863e-01
4.808803984855474027e+02 1.271731426022578437e-01
4.843380438595746682e+02 1.297025393577652397e-01
4.877908458393037563e+02 1.328868370669400445e-01
4.912436478190327875e+02 1.361493117489857851e-01
4.946948353339957976e+02 1.397040745181731825e-01
4.981444083841926727e+02 1.435697128398423783e-01
5.015891380400913135e+02 1.482166526725509081e-01
5.050419400198203448e+02 1.518554861904122255e-01
5.084947419995494329e+02 1.555836558869819752e-01
5.119394716554480738e+02 1.606194525989678157e-01
5.153793579170484236e+02 1.665761118624723980e-01
5.188192441786488871e+02 1.727536770561577673e-01
5.222623593697813931e+02 1.786165127077407044e-01
5.256909443780192532e+02 1.872221129219607538e-01
5.289352497650999112e+02 1.958598731337551635e-01
5.325319697468340792e+02 2.088476446610871284e-01
5.359605547550718256e+02 2.189097565475483231e-01
5.394036699462044453e+02 2.263390162138944894e-01
5.428645442497638669e+02 2.301400621497841914e-01
5.463480210600484952e+02 2.290778583985011441e-01
5.498605582361226425e+02 2.218664027431559438e-01
5.533779388064949671e+02 2.139043218694606785e-01
5.569228729088752061e+02 2.180920778079053768e-01
5.593945108347635369e+02 2.286732407639876785e-01
5.619469796299404152e+02 2.411562961816060557e-01
5.654046250039677943e+02 2.459527488024214059e-01
5.688848728847201528e+02 2.455629501960090166e-01
5.723683496950047811e+02 2.444295626213390527e-01
5.758502120405233882e+02 2.436715106018869370e-01
5.793304599212758603e+02 2.432853274194770599e-01
5.828042499429640202e+02 2.443811059400178565e-01
5.862764254998860451e+02 2.458552411810030758e-01
5.897486010568080701e+02 2.473382685771340350e-01
5.932256200080283861e+02 2.476981434183838371e-01
5.967058678887808583e+02 2.473055786205292095e-01
6.002006459524280899e+02 2.435588105600362541e-01
6.036970384808414565e+02 2.395044787320552981e-01
6.071966599387867518e+02 2.348027399079576638e-01
6.106865946081356924e+02 2.323022957888600803e-01
6.141765292774847467e+02 2.298284792159113188e-01
6.176551626934710839e+02 2.298132908438952349e-01
6.211337961094575348e+02 2.297981034756132190e-01
6.246124295254438721e+02 2.297829171109986579e-01
6.280813761528337409e+02 2.318728271001588570e-01
6.315470938506914536e+02 2.346941417441882338e-01
6.350224983371457483e+02 2.353931502208067295e-01
6.385059751474303766e+02 2.343067010174162135e-01
6.420055966053757857e+02 2.297070003406189720e-01
6.455149048519177768e+02 2.231531037128784700e-01
6.490290564927579453e+02 2.157998917465338007e-01
6.525577383164929870e+02 2.058535130918179856e-01
6.560815767459296239e+02 1.972630545502568056e-01
6.579959731885558085e+02 1.917377625876831859e-01
6.613431174185934651e+02 1.893123777938212626e-01
6.648346665527085406e+02 1.870118881663614951e-01
6.683036131800984094e+02 1.887127892519796235e-01
6.717661019484239660e+02 1.915905125099178763e-01
6.752156749986207842e+02 1.968918584426039842e-01
6.786517941757670087e+02 2.049192022705466076e-01
6.811152521468404757e+02 2.165223867384586665e-01
6.828859971022800437e+02 2.281373749159401332e-01
6.845688075434604798e+02 2.405951529972096825e-01
6.860422757199719399e+02 2.518131571072482200e-01
6.879338902708990418e+02 2.677242971645662495e-01
6.895935600504320746e+02 2.885626916973775269e-01
6.912435430413686390e+02 3.138725920331451036e-01
6.928978312716815253e+02 3.400213934951515360e-01
6.945542721216825157e+02 3.676028836786412457e-01
6.962074840421512363e+02 3.986317164834831117e-01
6.978682301315284349e+02 4.292241525298449711e-01
6.995300525307495718e+02 4.616962666928492998e-01
7.009400184264618474e+02 4.924180465244795690e-01
7.024398561941528669e+02 5.237482626955756171e-01
7.044595516165223898e+02 5.580833793270388865e-01
7.062257760706170302e+02 5.905288310054946921e-01
7.079984583837758692e+02 6.210728948677094463e-01
7.104653605463504391e+02 6.541154896994969548e-01
7.130259016653576509e+02 6.846001791386316926e-01
7.155789086154566121e+02 7.216061424218190856e-01
7.190091080884604935e+02 7.552237183973925516e-01
7.224522232795929995e+02 7.808541571619573851e-01
7.258985674002577753e+02 8.049037657673229207e-01
7.293513693799868634e+02 8.246647760769918456e-01
7.328106292187802637e+02 8.397893907326484664e-01
7.362650456632753730e+02 8.591000271417580381e-01
7.397291488963669508e+02 8.708758782197884019e-01
7.431948665942247771e+02 8.814722680558949586e-01
7.466573553625503337e+02 8.949140345470100177e-01
7.501327598490045148e+02 8.975794291382179768e-01
7.536017064763943836e+02 9.057430482557984330e-01
7.570787254276146996e+02 9.070608958237433850e-01
7.605492865197707033e+02 9.139205156568021016e-01
7.640246910062248844e+02 9.166425187824526200e-01
7.675017099574452004e+02 9.179762249769186644e-01
7.709787289086655164e+02 9.193118717012814800e-01
7.744541333951196975e+02 9.220499323371346145e-01
7.779359957406381909e+02 9.191903690103916391e-01
7.814178580861567980e+02 9.163396740780094252e-01
7.848964915021431352e+02 9.162791171448104732e-01
7.883751249181295861e+02 9.162185642135587393e-01
7.918537583341159234e+02 9.161580152839888802e-01
7.953307772853362394e+02 9.174910165304465126e-01
7.987997239127262219e+02 9.258357345126173588e-01
8.022767428639465379e+02 9.271828167490129280e-01
8.057521473504007190e+02 9.299443200548298538e-01
8.092210939777904741e+02 9.384023026946214374e-01
8.126997273937769251e+02 9.383402877375430773e-01
8.161767463449972411e+02 9.397055639806023430e-01
8.196505363666852872e+02 9.439380805222480353e-01
8.231323987122038943e+02 9.410106352472012992e-01
8.266142610577223877e+02 9.380922688895283468e-01
8.300928944737088386e+02 9.380302744212446475e-01
8.335715278896951759e+02 9.379682840499088403e-01
8.370598480942780952e+02 9.293913621916490841e-01
8.405465538340948797e+02 9.222937098093676456e-01
8.440364885034438203e+02 9.124720872691984841e-01
8.475296521023250307e+02 9.000148106034594475e-01
8.510228157012061274e+02 8.877276035147438904e-01
8.545192082296193803e+02 8.729503007793953939e-01
8.580123718285005907e+02 8.610325845402128087e-01
8.615006920330833964e+02 8.531591741908453042e-01
8.649825543786020035e+02 8.505132625098947852e-01
8.684547299355240284e+02 8.556436573837883364e-01
8.719220620981477623e+02 8.647392877389750154e-01
8.753797074721751414e+02 8.819384282493848426e-01
8.788308949871380946e+02 9.049652202998412776e-01
8.822885403611654738e+02 9.229644302370560993e-01
8.857445712704266043e+02 9.427535501399376683e-01
8.892054455739860259e+02 9.585857721326253023e-01
8.926695488070777174e+02 9.717252936569212851e-01
8.961368809697015649e+02 9.820548905651862448e-01
8.996058275970914337e+02 9.909868266355444932e-01
9.030747742244811889e+02 1.000000000000000000e+00
9.065550221052337747e+02 9.984151484042756985e-01
9.100320410564539770e+02 9.998678330013685001e-01
9.135139034019725841e+02 9.967669321861667431e-01
9.169973802122572124e+02 9.921663877844968393e-01
9.204824714873079756e+02 9.860870643236295807e-01
9.239756350861891860e+02 9.726247792322052499e-01
9.274655697555380129e+02 9.622671747584538027e-01
9.303683774049547992e+02 9.328357972502652196e-01
9.335967687821984100e+02 9.234677906365577060e-01
9.362315752804455542e+02 9.012349781656937564e-01
9.399875737432449796e+02 8.873067602314610447e-01
9.429767014421552176e+02 8.606898073527988746e-01
9.450153399177800111e+02 8.300779985548395468e-01
9.470494578920599906e+02 8.039694173905018726e-01
9.501373190806648381e+02 7.925978678724566739e-01
9.539305937410631486e+02 7.742829752365567586e-01
9.556946655754695712e+02 7.564204529319379366e-01
9.568197681324553514e+02 7.813338007367554017e-01
9.589517226715599918e+02 7.490513657439332729e-01
9.625134472075071699e+02 7.517380086115943438e-01
9.661913517031930496e+02 7.426003957567661740e-01
9.692825135753196264e+02 7.529481758912258682e-01
9.730324385754275909e+02 7.543345764186873970e-01
9.756749945045520462e+02 7.308220551770344686e-01
9.766669216568329830e+02 7.672332385323225035e-01
9.798807828511819480e+02 7.699901835007366691e-01
9.799243733998659991e+02 7.390290284005227583e-01
9.835494618339185990e+02 7.672661973654383294e-01
9.865577785997628553e+02 7.840641164087074344e-01
9.879763549742274336e+02 7.642752592758498276e-01
9.913226740333848284e+02 7.760888454252765634e-01
9.948448723716303448e+02 7.744657493416150507e-01
9.974689772748565701e+02 8.189796402640610040e-01
9.976910199956852239e+02 7.827076824111460773e-01
1.000688004756456849e+03 8.179343496718383122e-01
1.001863765630102762e+03 7.838361542052284525e-01
1.004958371693730214e+03 8.109358907701188501e-01
1.007031057437422191e+03 8.447899600268437004e-01
1.010045750057770988e+03 8.350151567114216800e-01
1.013682831658657165e+03 8.571859695815523539e-01
1.016244556718492959e+03 8.256859265693390348e-01
1.017405249254322030e+03 8.710471191819093573e-01
1.020781479476573963e+03 8.941402301880481129e-01
1.020223028426058590e+03 8.428683275309218903e-01
1.023611251815144442e+03 9.176956825607123225e-01
1.023840721073897043e+03 8.709406292469406008e-01
1.024885961440453684e+03 8.233782102788693713e-01
1.024629440927620635e+03 7.979192383210655937e-01
1.027722396649487109e+03 8.731738836715645657e-01
1.028341992349714928e+03 8.410321193514470606e-01
1.029356163238773433e+03 9.131432085397697129e-01
1.031390819367975382e+03 9.593964782112744949e-01
1.031498450352380814e+03 8.669399297933845228e-01
1.031438177001113672e+03 9.175592334683697615e-01
1.032404703241075367e+03 8.375654077282790322e-01
