3.743068885000000137e+02 3.739543611546806701e-01
3.740718941999999743e+02 3.551209929070439641e-01
3.769707553999999732e+02 3.551014358341337829e-01
3.776298874999999953e+02 3.386500471081195784e-01
3.796841324999999756e+02 3.218415135368998259e-01
3.826195882000000097e+02 3.109245720943013547e-01
3.858336287999999854e+02 3.035893929686279691e-01
3.895838152000000036e+02 3.005376161782570832e-01
3.927747509999999806e+02 3.081985262439423390e-01
3.962275528999999779e+02 3.157650385575825336e-01
3.996916562000000113e+02 3.200932913312471428e-01
4.031751330000000166e+02 3.186159114249987878e-01
4.066071622000000048e+02 3.067157364990735213e-01
4.093633763999999928e+02 2.897802023341584654e-01
4.119503948000000264e+02 2.725626845323408931e-01
4.138451306000000045e+02 2.555415551294777932e-01
4.156457970000000159e+02 2.411914941189239603e-01
4.167926051000000029e+02 2.279963846938289906e-01
4.192449771000000283e+02 2.152995286231052241e-01
4.226471925000000169e+02 2.131582773327646008e-01
4.243193474999999921e+02 2.270646554702882014e-01
4.260526368999999818e+02 2.478325490454264535e-01
4.247998122000000194e+02 2.360721374941617268e-01
4.268448008999999956e+02 2.665862405068986640e-01
4.276563385000000039e+02 2.815758968701414511e-01
4.280373521999999866e+02 2.962077691072689811e-01
4.290603846999999860e+02 3.146102723091875886e-01
4.301701678000000015e+02 3.342232458616451463e-01
4.317473923000000013e+02 3.587082627671618895e-01
4.334976872999999955e+02 3.852979927923272374e-01
4.359708320999999955e+02 4.034187463851092170e-01
4.385324494999999843e+02 4.217922145781141108e-01
4.419787936000000172e+02 4.347830369921064642e-01
4.454315955999999801e+02 4.454572969737562449e-01
4.488892410000000268e+02 4.543171727573658281e-01
4.523549586999999974e+02 4.598450808902699860e-01
4.558255197999999950e+02 4.633226449971067362e-01
4.592928519000000165e+02 4.682478396375821528e-01
4.627698709000000008e+02 4.689291357757757739e-01
4.662485042999999791e+02 4.688981462983831672e-01
4.697271377000000143e+02 4.688671588138622615e-01
4.732057710999999927e+02 4.688361734299358319e-01
4.766747177999999963e+02 4.731003085205003900e-01
4.801485078000000044e+02 4.752311939697233534e-01
4.836158399999999915e+02 4.802829783491649462e-01
4.870815577000000189e+02 4.861268256357224593e-01
4.905505043000000001e+02 4.905482218372407277e-01
4.940242943000000082e+02 4.927576941872789384e-01
4.974916264999999953e+02 4.979957880980754870e-01
5.009702598999999736e+02 4.979628777078537460e-01
5.044553511999999955e+02 4.949116985635335642e-01
5.079404423999999949e+02 4.918792149252319557e-01
5.114190757999999732e+02 4.918467087647876435e-01
5.148977092999999741e+02 4.918142047587992227e-01
5.183763427000000092e+02 4.917817028534052226e-01
5.218485181999999440e+02 4.947481872684581505e-01
5.253061635999999908e+02 5.045884289546681556e-01
5.287573511000000508e+02 5.177628779561548322e-01
5.322101530999999568e+02 5.304743572343251223e-01
5.356694128999999975e+02 5.402034260366866958e-01
5.391335162000000309e+02 5.476080995593219924e-01
5.426202219000000468e+02 5.434260804759654118e-01
5.461198434000000361e+02 5.327580234419930783e-01
5.496452963000000409e+02 5.097501156276251777e-01
5.531449176999999509e+02 4.997431549308973264e-01
5.564069822000000158e+02 5.141308653804668172e-01
5.590548274000000220e+02 5.442482315977336116e-01
5.625674722999999631e+02 5.720316934135223352e-01
5.660267321000000038e+02 5.825229367879881659e-01
5.694924498000000312e+02 5.896107894997779653e-01
5.729710831999999527e+02 5.895718250886388123e-01
5.764497165999999879e+02 5.895328628319556064e-01
5.799283500000000231e+02 5.894939027297281253e-01
5.834021400999999969e+02 5.921490352585073724e-01
5.868727012000000514e+02 5.966271439013652866e-01
5.903513345999999729e+02 5.965877157436061395e-01
5.938299680000000080e+02 5.965482897403027174e-01
5.973086014000000432e+02 5.965088664300691734e-01
6.007872347999999647e+02 5.964694458129053967e-01
6.042771695000000136e+02 5.901175670664127182e-01
6.077574174000000085e+02 5.891823183238077410e-01
6.112360508000000436e+02 5.891433819205945666e-01
6.147146841999999651e+02 5.891044476718372280e-01
6.181933176000000003e+02 5.890655161161496567e-01
6.216719510000000355e+02 5.890265877921460058e-01
6.251489699999999630e+02 5.898836157837061833e-01
6.286211455000000115e+02 5.934418622689719980e-01
6.320949355999999852e+02 5.961147765990472136e-01
6.355735690000000204e+02 5.960753818353534683e-01
6.390522024000000556e+02 5.960359897647296012e-01
6.425340647000000445e+02 5.941874973528806780e-01
6.460223849000000200e+02 5.887541579280927140e-01
6.495042472999999745e+02 5.869282485223846768e-01
6.529925674999999501e+02 5.815612889593313461e-01
6.564744298000000526e+02 5.797576867894161934e-01
6.599611356000000342e+02 5.753301453796371145e-01
6.634413835000000290e+02 5.744183328076865047e-01
6.669167879000000312e+02 5.761291689565501972e-01
6.703873489999999720e+02 5.804861282384740084e-01
6.738643680000000131e+02 5.813307298673486834e-01
6.773333145999999942e+02 5.866180198078030372e-01
6.807974177999999483e+02 5.946589068337914119e-01
6.842566776999999547e+02 6.055651409540212526e-01
6.877062507000000551e+02 6.223212435262742703e-01
6.911412936000000400e+02 6.483501498980157596e-01
6.945844088000000056e+02 6.703535621736542716e-01
6.980113793000000442e+02 7.037195147763637415e-01
7.011755150000000185e+02 7.400986026035127896e-01
7.048620915000000196e+02 7.778775071796500962e-01
7.083003632999999581e+02 8.079526873740950910e-01
7.117450929999999971e+02 8.341037987901334105e-01
7.151978949000000512e+02 8.545816920520409310e-01
7.186523114000000305e+02 8.742324719417607914e-01
7.221148001000000249e+02 8.875638369642363523e-01
7.255805178000000524e+02 8.983632779400383406e-01
7.290462354999999661e+02 9.092941207935149039e-01
7.325184110999999803e+02 9.147790885208839651e-01
7.359873576999999614e+02 9.230991413171170112e-01
7.394546898999999485e+02 9.329118345150833047e-01
7.429300944000000300e+02 9.356904006666036944e-01
7.463990410000000111e+02 9.442006450543128926e-01
7.498776744000000463e+02 9.441382466269752083e-01
7.533563077999999678e+02 9.440758530471631271e-01
7.568317123000000493e+02 9.468876699929283935e-01
7.603087312999999767e+02 9.482653825635865008e-01
7.637857502000000522e+02 9.496450998554061274e-01
7.672643835999999737e+02 9.495823416339427281e-01
7.707430170999999746e+02 9.495195882600049320e-01
7.742168070999999827e+02 9.537963080657593240e-01
7.776954405000000179e+02 9.537332756897899388e-01
7.811789172999999664e+02 9.493313518372058502e-01
7.846575507000000016e+02 9.492686146216869902e-01
7.881410274999999501e+02 9.448872970620081357e-01
7.916196608999999853e+02 9.448248533910976743e-01
7.950934509999999591e+02 9.490804277513722464e-01
7.985720843999999943e+02 9.490177072328861430e-01
8.020507178000000295e+02 9.489549904846976691e-01
8.055261222999999973e+02 9.517813397737343584e-01
8.090015267999999651e+02 9.546161065217475539e-01
8.124785457000000406e+02 9.560050642746756866e-01
8.159523357000000487e+02 9.603109952699702134e-01
8.194309692000000496e+02 9.602475320028324157e-01
8.229096025999999711e+02 9.601840735832202212e-01
8.263882360000000062e+02 9.601206189339056563e-01
8.298668694000000414e+02 9.600571691321168055e-01
8.333471173000000363e+02 9.585356207805032502e-01
8.368273652000000311e+02 9.570164843422054313e-01
8.403124563999999737e+02 9.511525354440235613e-01
8.437943188000000418e+02 9.482027159064964072e-01
8.472745667000000367e+02 9.466999554870570988e-01
8.507612724000000526e+02 9.394701192877226159e-01
8.542479780999999548e+02 9.322954964054910310e-01
8.577282259999999496e+02 9.308179463510924956e-01
8.612181606999999985e+02 9.209055481684201849e-01
8.646984085999999934e+02 9.194460497609118210e-01
8.681754274999999552e+02 9.207838348786693272e-01
8.716427597000000560e+02 9.305719161117050886e-01
8.751165496999999505e+02 9.347632936126274439e-01
8.785854963000000453e+02 9.432651054601691731e-01
8.820560573999999860e+02 9.503985189882736551e-01
8.855201607000000195e+02 9.634258159626493123e-01
8.889955651999999873e+02 9.662952646022008318e-01
8.924628973000000087e+02 9.765671396669438620e-01
8.959415307000000439e+02 9.765026024035684538e-01
8.994153208000000177e+02 9.809008561406250548e-01
9.028858817999999928e+02 9.883188883667116675e-01
9.063645152999999937e+02 9.882535744220050100e-01
9.098431487000000288e+02 9.881882653248240667e-01
9.133233966000000237e+02 9.866221337412343084e-01
9.168036444000000529e+02 9.850584835521609683e-01
9.202887356999999611e+02 9.790227130302440184e-01
9.237705981000000293e+02 9.759864594173864871e-01
9.272621471999999585e+02 9.641264487729204191e-01
9.310184686000000056e+02 9.489377440656786566e-01
9.342517033000000310e+02 9.351340264492471466e-01
9.361510313999999653e+02 9.219280679924504174e-01
9.395772844000000532e+02 9.170232359759245000e-01
9.430688335999999481e+02 9.058797359426744578e-01
9.456293746999999712e+02 8.735634875492017670e-01
9.488563669000000118e+02 8.659307072439464958e-01
9.527595685999999660e+02 8.507334412678008162e-01
9.545214878000000454e+02 8.327933337883005604e-01
9.560819576999999754e+02 8.597792429819025584e-01
9.579979686000000356e+02 8.344277158399102667e-01
9.613381169000000455e+02 8.293171914607356809e-01
9.645463812000000416e+02 8.366945136278367556e-01
9.659623745000000099e+02 8.175632527566039087e-01
9.689706912000000329e+02 8.354623356265656886e-01
9.725575707000000421e+02 8.284685620766634173e-01
9.751988350000000310e+02 8.036219165801645747e-01
9.760986301000000367e+02 8.477751681841617648e-01
9.798757600999999795e+02 8.408700208684094513e-01
9.827552477000000408e+02 8.563012769074668240e-01
9.847418285999999625e+02 8.212564845182243056e-01
9.865151567000000341e+02 8.632095314871579550e-01
9.881547354000000496e+02 8.272166067093724706e-01
9.900067059000000427e+02 8.527199664337933305e-01
9.935446901000000253e+02 8.548873301598359786e-01
9.943937448000000359e+02 8.221049706309830896e-01
9.969219966000000568e+02 8.869774587175894842e-01
9.980906538000000410e+02 8.557049197599716495e-01
1.001031993000000057e+03 8.682343122940997526e-01
1.002199682000000053e+03 8.383868785495349751e-01
1.004765066000000047e+03 8.734672727829605465e-01
1.004381899999999973e+03 8.320048358054058513e-01
1.006446262000000047e+03 9.225654960702847074e-01
1.008423596999999972e+03 8.787330181649900540e-01
1.011832834000000048e+03 9.021338002663936706e-01
1.010417846000000054e+03 8.733734737003325810e-01
1.015106558999999947e+03 9.002513460898717845e-01
1.017078768999999966e+03 8.785885371245099051e-01
1.018915670999999975e+03 9.186159799366945267e-01
1.020444748000000004e+03 8.522270075469322581e-01
1.022061366000000021e+03 9.565580516874477857e-01
1.022113028999999983e+03 9.111438692531199646e-01
1.024188513000000057e+03 8.722606800220469303e-01
1.025070727999999917e+03 8.387872911698407430e-01
1.025569058999999925e+03 9.306795462622275972e-01
1.027944115999999894e+03 8.828690573903704708e-01
1.029323587000000089e+03 9.429534655770107632e-01
1.031145420999999942e+03 1.000000000000000000e+00
1.031263815000000022e+03 8.945198353626246934e-01
1.031634064999999964e+03 9.505869670863592580e-01
