3.770697758715019745e+02 3.653086512043775269e-02
3.775670310194554986e+02 3.444538820255260703e-02
3.774066608526912887e+02 3.264435163388529348e-02
3.789721535208695968e+02 3.133082272660605433e-02
3.803309946989891728e+02 2.976709365300468299e-02
3.803826575715038985e+02 2.835385142397755381e-02
3.804343204440185104e+02 2.700770521786715131e-02
3.804859833165331793e+02 2.572546953950579848e-02
3.814116097824207259e+02 2.440458325010709875e-02
3.816402179932979379e+02 2.317999462570194402e-02
3.832499469960669103e+02 2.223149457764683756e-02
3.833016098685815791e+02 2.117601743507578627e-02
3.831428541665834473e+02 2.003831100466216264e-02
3.842745939676074727e+02 1.921269822807106231e-02
3.841158382656092840e+02 1.818047343005654848e-02
3.852626464044501517e+02 1.718585570232901774e-02
3.855024482377056074e+02 1.615236605820204521e-02
3.864418514695969975e+02 1.512554623144262735e-02
3.867705564959714479e+02 1.419002541030379462e-02
3.876999500463131199e+02 1.341377260321480192e-02
3.877516129188276750e+02 1.277693146197302239e-02
3.886761630748712264e+02 1.213318282874544657e-02
3.889516983949492896e+02 1.148703717619912329e-02
3.903126921927570834e+02 1.089161995262510028e-02
3.905979143014316719e+02 1.021797753269530588e-02
3.910897879001649358e+02 9.683592948277603557e-03
3.911414507726796046e+02 9.223848283825490657e-03
3.914765419041287942e+02 8.839464000242769348e-03
3.919473915839081428e+02 8.314594588371485018e-03
3.930594349147859248e+02 7.795476587551724255e-03
3.936908700232983165e+02 7.425291597021945432e-03
3.940302663941237142e+02 7.087073377477760144e-03
3.940819292666383831e+02 6.750602793751338607e-03
3.944170203980875726e+02 6.469285762206290237e-03
3.954088040423897041e+02 6.090027444955421927e-03
3.964374333603532250e+02 5.690746760669097154e-03
3.969276924943202971e+02 5.401333318936333422e-03
3.967646315529460139e+02 5.131899822323208321e-03
3.981256253507537508e+02 4.865893758531678048e-03
3.986347199069919043e+02 4.537250385918770515e-03
3.997669978629378988e+02 4.348104261154049979e-03
4.006861664697610195e+02 4.150004633623205659e-03
4.007356767225875842e+02 3.960995867905017960e-03
4.021176585623545066e+02 3.682197378214671721e-03
4.030610441406688551e+02 3.435212807000964739e-03
4.035513032746359841e+02 3.260508712200983587e-03
4.049101444527556168e+02 3.097775919880480042e-03
4.058346946087991114e+02 2.941698615998598887e-03
4.067624736943746484e+02 2.785005642574002373e-03
4.093358229005261819e+02 2.653462311866232153e-03
4.112253924627494825e+02 2.499887680920426063e-03
4.130147575784911851e+02 2.384744785220934988e-03
4.148981921746034232e+02 2.259737538425260484e-03
4.176395840991218620e+02 2.190438897500249747e-03
4.201340090419943181e+02 2.047155292918205905e-03
4.196163040070038051e+02 2.213305655654999524e-03
4.233967347032631778e+02 1.962132946345189390e-03
4.247058144895927967e+02 1.901021649289930549e-03
4.273746528800519968e+02 1.868188848500159250e-03
4.306979901613959782e+02 1.814236242949197539e-03
4.344869595824183079e+02 1.779512379503779117e-03
4.374249266867410029e+02 1.762544130894678129e-03
4.409203505362946203e+02 1.734785871202311003e-03
4.407787081608169615e+02 1.682846785134488885e-03
4.446437368108191777e+02 1.761231276723108658e-03
4.482953485946001706e+02 1.783429122564217893e-03
4.512916721936104523e+02 1.843169349460029027e-03
4.550118295386027967e+02 1.876964359027639062e-03
4.587449026017238793e+02 1.888277066804973934e-03
4.621443811166074624e+02 1.896372884811615370e-03
4.656905452873808713e+02 1.908803838748618018e-03
4.688892305129285205e+02 1.943230703748756102e-03
4.723533337460200983e+02 1.969866944762194497e-03
4.758093646552812856e+02 2.012102519488090553e-03
4.792540943111799834e+02 2.077228507137958771e-03
4.827068962909090146e+02 2.128226074413546061e-03
4.858958947278601386e+02 2.186460541256154792e-03
4.893080839494735983e+02 2.264792161341842511e-03
4.929379747755444896e+02 2.377509997910394815e-03
4.955908632791716855e+02 2.475732703794378264e-03
4.981406412997384905e+02 2.617503312253247755e-03
5.006839614612408695e+02 2.784269519548898068e-03
5.031336426663104930e+02 2.980331607896701852e-03
5.044639616335626897e+02 3.156823381793829632e-03
5.065789104771312168e+02 3.337623607803481222e-03
5.082418091861964626e+02 3.586488796324342494e-03
5.098993263460415051e+02 3.873486565713385194e-03
5.114634198114224546e+02 4.208970617374964765e-03
5.131971397082265867e+02 4.592071730540618971e-03
5.119464676694344689e+02 4.365307781864119149e-03
5.149235406980910739e+02 5.044684991057816342e-03
5.140172878093966347e+02 4.811114360305924001e-03
5.156419775189979191e+02 5.359213211776599553e-03
5.164519006766494158e+02 5.669162661469061976e-03
5.172618238343010262e+02 5.997038000199392260e-03
5.180749759214846790e+02 6.324619605941302417e-03
5.188865135439023106e+02 6.680241390094761138e-03
5.196980511663199422e+02 7.055859136257639115e-03
5.205063598592053040e+02 7.475287861074392075e-03
5.213178974816230493e+02 7.895609615084491634e-03
5.221310495688067022e+02 8.326898607406143724e-03
5.229409727264581988e+02 8.808483784002403560e-03
5.237492814193436743e+02 9.332095586583351657e-03
5.245592045769951710e+02 9.871816209226771596e-03
5.262194125114504004e+02 1.063480200822692831e-02
5.278737007417631730e+02 1.152078993249749765e-02
5.295355231409844237e+02 1.239237277267804353e-02
5.311095186569307316e+02 1.334072618079355441e-02
5.327803820588419512e+02 1.422836232009912910e-02
5.345382112961528946e+02 1.517503298453562119e-02
5.362161783430349260e+02 1.607683252613686595e-02
5.379054466432795607e+02 1.685195825882749437e-02
5.395963294082903303e+02 1.763762582845476712e-02
5.413680430425895338e+02 1.856682642418966064e-02
5.438332231094135523e+02 1.958635765664933776e-02
5.463905352988887216e+02 2.056158214032207179e-02
5.498320360252552064e+02 2.129173104752860035e-02
5.533235851593701682e+02 2.103299779935793173e-02
5.565810369024031843e+02 2.025980516400032252e-02
5.603260570047932561e+02 2.015393926599772650e-02
5.637966180969492598e+02 2.030635280530891998e-02
5.673010829491929599e+02 1.981714278509726437e-02
5.699681787427616655e+02 1.876093984722137023e-02
5.726331219166423807e+02 1.779706250404161291e-02
5.754776550759311249e+02 1.699052544553786293e-02
5.787987628583125570e+02 1.653451614505362793e-02
5.822999987810241009e+02 1.618530452693187419e-02
5.857705598731801047e+02 1.630770538937473951e-02
5.892314341767396400e+02 1.658157040094389995e-02
5.926858506212347493e+02 1.696285728148587760e-02
5.961564117133906393e+02 1.709113836246859558e-02
5.995800456963459055e+02 1.658335123756579654e-02
6.015320412295243386e+02 1.598870289553545529e-02
6.041033454469722983e+02 1.526287156720112885e-02
6.067736701700731601e+02 1.440553953914480538e-02
6.093503559367412663e+02 1.368207889692203694e-02
6.113152671880484377e+02 1.303202576765792771e-02
6.137877661618119873e+02 1.257988489468696638e-02
6.173898523169115151e+02 1.215424982149700302e-02
6.208910882396230591e+02 1.189755012675021602e-02
6.243826373737381346e+02 1.175297325873063403e-02
6.278580418601923157e+02 1.178797808617228562e-02
6.313189161637517373e+02 1.198594062460826143e-02
6.347717181434808253e+02 1.228020474204367420e-02
6.382358213765725168e+02 1.244853189567111419e-02
6.414803574014767946e+02 1.213761389300367817e-02
6.426535351314970512e+02 1.165994175820926626e-02
6.452310819460403764e+02 1.106539368353897691e-02
6.466810865679515246e+02 1.047163344159256736e-02
6.488246652533719043e+02 9.929707025250450458e-03
6.507097143142501636e+02 9.394904947482258378e-03
6.525055372890562921e+02 8.907857378866583867e-03
6.543045891933945768e+02 8.420421785518323113e-03
6.556639685264362924e+02 7.996104020006973914e-03
6.569383193817975553e+02 7.579343283961430429e-03
6.583762693334552978e+02 7.254511272479768728e-03
6.597308052721987224e+02 6.920431255899315084e-03
6.615298571765370070e+02 6.541747092921131393e-03
6.634116773078831102e+02 6.208261177398314429e-03
6.658803015662081179e+02 6.014770271811701631e-03
6.694552647132375114e+02 5.961572536384989428e-03
6.729048377634342160e+02 6.126530382700801428e-03
6.754691459668958942e+02 6.389352482101644248e-03
6.779315276281251954e+02 6.757982889529271474e-03
6.796974291892665860e+02 7.153047883127018614e-03
6.814601018208759342e+02 7.594259796146559174e-03
6.821853193938002278e+02 8.016408851293128912e-03
6.838331497650488018e+02 8.737219666956914238e-03
6.825846303459446744e+02 8.288945395705762248e-03
6.841990951120274076e+02 9.322566708744808514e-03
6.851776760222423945e+02 9.910792735794262190e-03
6.862160997597868572e+02 1.080863539355224681e-02
6.867348811046215360e+02 1.176406629599887309e-02
6.873505303354211264e+02 1.268511776700297251e-02
6.883278196738232282e+02 1.406613658415214498e-02
6.881706784365910607e+02 1.329020011710812903e-02
6.888767376942913643e+02 1.550308748118965803e-02
6.889348584258702886e+02 1.467754012563114371e-02
6.882653937028679820e+02 1.215635853156322131e-02
6.897950452532392092e+02 1.744360305971133854e-02
6.896861226970208918e+02 1.640801808029708486e-02
6.905880703463391228e+02 1.953182534341972587e-02
6.904223186303545390e+02 1.860459632919959222e-02
6.912579655932790956e+02 2.262753516283183206e-02
6.911520567046239876e+02 2.122388695159057453e-02
6.911854223097897147e+02 2.056752806092934996e-02
6.918387423851312406e+02 2.521350610994768648e-02
6.918839473985815403e+02 2.416291987491354237e-02
6.927079702151902438e+02 2.971114542606128825e-02
6.926029223744104684e+02 2.784549851587402036e-02
6.922089929714861682e+02 2.679385001406556568e-02
6.934355556697714746e+02 3.396285959095073775e-02
6.933305078289916992e+02 3.183023551509121807e-02
6.941614190286022676e+02 4.051096357154058275e-02
6.940064304110583180e+02 3.819874381426741766e-02
6.940559406638849396e+02 3.645901143859128779e-02
6.946586741765559054e+02 4.687489579334096212e-02
6.949471252147626501e+02 4.384221691117431985e-02
6.938987994266528858e+02 4.227252549808960952e-02
6.957816241138534679e+02 5.561068659971328543e-02
6.954185489264586977e+02 5.197834361081343779e-02
6.954680591792853193e+02 4.961102997208657189e-02
6.963054282379603137e+02 6.275819118252945472e-02
6.961504396204163641e+02 5.917617987522709455e-02
6.969727403412744025e+02 7.288212939731292250e-02
6.968694145962451785e+02 6.819499619338222074e-02
6.969124669900074878e+02 6.548606035373066847e-02
6.977541412880585767e+02 8.250507697959068298e-02
6.975970000508264093e+02 7.795381320067461262e-02
6.984304943940628618e+02 9.500239268804154535e-02
6.983245855054078675e+02 8.910913309964194062e-02
6.974850638270447689e+02 8.661773883277659736e-02
6.991554967050183222e+02 1.088618264963949894e-01
6.990500183403009942e+02 1.020674478334437085e-01
6.999368976518024965e+02 1.232353314796955507e-01
6.997797564145704428e+02 1.164372467923131815e-01
7.006649136303215073e+02 1.351651505857716096e-01
6.996678201907886887e+02 1.293782897714214064e-01
7.012198589859162894e+02 1.543202481136236037e-01
7.015066955593570128e+02 1.445557065466746005e-01
7.021898294173788599e+02 1.653927758263721015e-01
7.029699387923500353e+02 1.874581239643803576e-01
7.028127975551179816e+02 1.771172891831013507e-01
7.036992463426818176e+02 2.053551751780559598e-01
7.027073191904005398e+02 1.956094752254977920e-01
7.044836609570292012e+02 2.225121318344544241e-01
7.055240220522930485e+02 2.422278106209668769e-01
7.060447407548468846e+02 2.631591263806328795e-01
7.071796018544187064e+02 2.844509507461731590e-01
7.078886747796823329e+02 3.048619095317153249e-01
7.086985979373338296e+02 3.224935612980429633e-01
7.095101355597514612e+02 3.406267839726645485e-01
7.103281310412332914e+02 3.575987510490514776e-01
7.107150644301711964e+02 3.740903119688066547e-01
7.119495918213024197e+02 3.995504479703066436e-01
7.136092616008356799e+02 4.306495673208703412e-01
7.152700076902127648e+02 4.636991687496695436e-01
7.169350590189661716e+02 4.972654150294970044e-01
7.186033392772517345e+02 5.316427786022599467e-01
7.202909931127302343e+02 5.581230294659798030e-01
7.220636754258891870e+02 5.869909603101950424e-01
7.245316538983076953e+02 6.175941584172953691e-01
7.270878897779388126e+02 6.490021253119483413e-01
7.298318648460829081e+02 6.811169521052551357e-01
7.330775540601059674e+02 7.116135100434565208e-01
7.365045246035776927e+02 7.470331211986672715e-01
7.399282662175172618e+02 7.866033721788208144e-01
7.433665380143515904e+02 8.170159215755395943e-01
7.468128821350162525e+02 8.421792801336324130e-01
7.502689130442774967e+02 8.602362996766351744e-01
7.537314018126030533e+02 8.733542341670036402e-01
7.571971195104608796e+02 8.839807794206923086e-01
7.606628372083184786e+02 8.947366232563422894e-01
7.641366272300066385e+02 8.987665957323032195e-01
7.676055738573965073e+02 9.069410123075657415e-01
7.710809783438508020e+02 9.096422278159058683e-01
7.745596117598371393e+02 9.095821134880178738e-01
7.780382451758234765e+02 9.095220031328266064e-01
7.815281798451724171e+02 8.998363881148125909e-01
7.850084277259250030e+02 8.984102809792182676e-01
7.884935190009756525e+02 8.929054314238558110e-01
7.919786102760263020e+02 8.874343118571953459e-01
7.954459424386501496e+02 8.968678820069960755e-01
7.989229613898704656e+02 8.981728162919987435e-01
8.023902935524943132e+02 9.077205384793485266e-01
8.058560112503519122e+02 9.187652360401877827e-01
8.093314157368062070e+02 9.215016685869980018e-01
8.128003623641960758e+02 9.298828640493110864e-01
8.162773813154163918e+02 9.312358348209012204e-01
8.197527858018705729e+02 9.340094095570801169e-01
8.232346481473890663e+02 9.311127561755949689e-01
8.267132815633755172e+02 9.310512229531764383e-01
8.301951439088940106e+02 9.281637438274769059e-01
8.336834641134770436e+02 9.196764761470543892e-01
8.371701698532937144e+02 9.126530152054113110e-01
8.406649479169409460e+02 8.988259952620752946e-01
8.441645693748864687e+02 8.811810430657548432e-01
8.476706486918961900e+02 8.586459384865273714e-01
8.511799569384381812e+02 8.341474394755039601e-01
8.546973375088105058e+02 8.042125358958104320e-01
8.582098746848846531e+02 7.788956280085517214e-01
8.617094961428301758e+02 7.636050420724757037e-01
8.652058886712434287e+02 7.508939099275843132e-01
8.686748352986332975e+02 7.577234023149538311e-01
8.721340951374266979e+02 7.716202908544449457e-01
8.755804392580913600e+02 7.953855046485985847e-01
8.789635117357806848e+02 8.207742883686673929e-01
8.827452545049928858e+02 8.593792215987405836e-01
8.858920257190621896e+02 8.939682473244181526e-01
8.893351409101948093e+02 9.243073347528900641e-01
8.927847139603917412e+02 9.498830945619278765e-01
8.962423593344190067e+02 9.687756938036605758e-01
8.997080770322766057e+02 9.805632804988769768e-01
9.031705658006023896e+02 9.955161078581510337e-01
9.066443558222904358e+02 1.000000000000000000e+00
9.101229892382767730e+02 9.999339143170249411e-01
9.136064660485614013e+02 9.953187528153678576e-01
9.170947862531442070e+02 9.862174097186712229e-01
9.205895643167915523e+02 9.712758628597301103e-01
9.241813178973879985e+02 9.475867130949956474e-01
9.276001084860452011e+02 9.236356384333235248e-01
9.308340607974828345e+02 8.850963387735020227e-01
9.339219937400772551e+02 8.490273759163855516e-01
9.370320269114694156e+02 8.197269006867287100e-01
9.386371277819088164e+02 7.896177616102393326e-01
9.414436057002827738e+02 7.722465052421880749e-01
9.426167834303028030e+02 7.418549768908703212e-01
9.451814145267176173e+02 7.126406589642230172e-01
9.471618246397791836e+02 6.689491776038325455e-01
9.497408782881044544e+02 6.339390216631305419e-01
9.524869752242268532e+02 6.046680124497165743e-01
9.551974104275160471e+02 5.803838353775123693e-01
9.582595119338532186e+02 5.704382579424411848e-01
9.620544010590177777e+02 5.564105022271491618e-01
9.638179347385022311e+02 5.438497300843538884e-01
9.675535909452488568e+02 5.457985671387539650e-01
9.704767049737235993e+02 5.482070736200856942e-01
9.742360758740344409e+02 5.529098364952884648e-01
9.768741113018136275e+02 5.379604267290589714e-01
9.779623681851378478e+02 5.598047549860174499e-01
9.814448763165628407e+02 5.577294192387821647e-01
9.846453374533532497e+02 5.668399709686756660e-01
9.882855326648596019e+02 5.801870642408201162e-01
9.868251339650259979e+02 5.638090597028937445e-01
9.915549775747264221e+02 5.927575532466332620e-01
9.950295748287977631e+02 5.949750262962825165e-01
9.987402427086650505e+02 6.282355989602756985e-01
9.974906469797167574e+02 5.966074293753943492e-01
1.001914997978679821e+03 6.365278601640522727e-01
1.005534781742786436e+03 6.641573842102682645e-01
1.004958802217667994e+03 6.364910528059469774e-01
1.007813606448039991e+03 7.006297051327997627e-01
1.009766893553031196e+03 6.746854902490047046e-01
1.012421934676346382e+03 7.093856457695190132e-01
1.015685844278444051e+03 7.285423081458025640e-01
1.019399866657325219e+03 7.461980040463558339e-01
1.018744178700326756e+03 7.186020190322823797e-01
1.021113495437040456e+03 7.855903187795924003e-01
1.022217645829061780e+03 7.220581410890530849e-01
1.023839429502084045e+03 8.065211676996962842e-01
1.024066315617210876e+03 7.672940867147092225e-01
1.025946229142547509e+03 7.210043147185408730e-01
1.026187937581812321e+03 6.843890741218823237e-01
1.028079372747765547e+03 7.791444662428647083e-01
1.028722647264562511e+03 7.339184910411059581e-01
1.031378621189742717e+03 8.047730068897407385e-01
1.030846206586883682e+03 7.696870414295607921e-01
1.032488655408911654e+03 8.431561774153217836e-01
1.033434731761836247e+03 7.846109776967653548e-01
