3.743068885000000137e+02 3.739543611546806701e-01
3.740718941999999743e+02 3.551209929070439641e-01
3.769707553999999732e+02 3.551014358341337829e-01
3.776298874999999953e+02 3.386500471081195784e-01
3.796841324999999756e+02 3.218415135368998259e-01
3.826195882000000097e+02 3.109245720943013547e-01
3.858336287999999854e+02 3.035893929686279691e-01
3.895838152000000036e+02 3.005376161782570832e-01
3.927747509999999806e+02 3.081985262439423390e-01
3.962275528999999779e+02 3.157650385575825336e-01
3.996916562000000113e+02 3.200932913312471428e-01
4.031751330000000166e+02 3.186159114249987878e-01
4.066071622000000048e+02 3.067157364990735213e-01
4.093633763999999928e+02 2.897802023341584654e-01
4.119503948000000264e+02 2.725626845323408931e-01
4.138451306000000045e+02 2.555415551294777932e-01
4.156457970000000159e+02 2.411914941189239603e-01
4.167926051000000029e+02 2.279963846938289906e-01
4.192449771000000283e+02 2.152995286231052241e-01
4.226471925000000169e+02 2.131582773327646008e-01
4.243193474999999921e+02 2.270646554702882014e-01
4.260526368999999818e+02 2.478325490454264535e-01
4.247998122000000194e+02 2.360721374941617268e-01
4.268448008999999956e+02 2.665862405068986640e-01
4.276563385000000039e+02 2.815758968701414511e-01
4.280373521999999866e+02 2.962077691072689811e-01
4.290603846999999860e+02 3.146102723091875886e-01
4.301701678000000015e+02 3.342232458616451463e-01
4.317473923000000013e+02 3.587082627671618895e-01
4.334976872999999955e+02 3.852979927923272374e-01
4.359708320999999955e+02 4.034187463851092170e-01
4.385324494999999843e+02 4.217922145781141108e-01
4.419787936000000172e+02 4.347830369921064642e-01
4.454315955999999801e+02 4.454572969737562449e-01
4.488892410000000268e+02 4.543171727573658281e-01
4.523549586999999974e+02 4.598450808902699860e-01
4.558255197999999950e+02 4.633226449971067362e-01
4.592928519000000165e+02 4.682478396375821528e-01
4.627698709000000008e+02 4.689291357757757739e-01
4.662485042999999791e+02 4.688981462983831672e-01
4.697271377000000143e+02 4.688671588138622615e-01
4.732057710999999927e+02 4.688361734299358319e-01
4.766747177999999963e+02 4.731003085205003900e-01
4.801485078000000044e+02 4.752311939697233534e-01
4.836158399999999915e+02 4.802829783491649462e-01
4.870815577000000189e+02 4.861268256357224593e-01
4.905505043000000001e+02 4.905482218372407277e-01
4.940242943000000082e+02 4.927576941872789384e-01
4.974916264999999953e+02 4.979957880980754870e-01
5.009702598999999736e+02 4.979628777078537460e-01
5.044553511999999955e+02 4.949116985635335642e-01
5.079404423999999949e+02 4.918792149252319557e-01
5.114190757999999732e+02 4.918467087647876435e-01
5.148977092999999741e+02 4.918142047587992227e-01
5.183763427000000092e+02 4.917817028534052226e-01
5.218485181999999440e+02 4.947481872684581505e-01
5.253061635999999908e+02 5.045884289546681556e-01
5.287573511000000508e+02 5.177628779561548322e-01
5.322101530999999568e+02 5.304743572343251223e-01
5.356694128999999975e+02 5.402034260366866958e-01
5.391335162000000309e+02 5.476080995593219924e-01
5.426202219000000468e+02 5.434260804759654118e-01
5.461198434000000361e+02 5.327580234419930783e-01
5.496452963000000409e+02 5.097501156276251777e-01
5.531449176999999509e+02 4.997431549308973264e-01
5.564069822000000158e+02 5.141308653804668172e-01
5.590548274000000220e+02 5.442482315977336116e-01
5.625674722999999631e+02 5.720316934135223352e-01
5.660267321000000038e+02 5.825229367879881659e-01
5.694924498000000312e+02 5.896107894997779653e-01
5.729710831999999527e+02 5.895718250886388123e-01
5.764497165999999879e+02 5.895328628319556064e-01
5.799283500000000231e+02 5.894939027297281253e-01
5.834021400999999969e+02 5.921490352585073724e-01
5.868727012000000514e+02 5.966271439013652866e-01
5.903513345999999729e+02 5.965877157436061395e-01
5.938299680000000080e+02 5.965482897403027174e-01
5.973086014000000432e+02 5.965088664300691734e-01
6.007872347999999647e+02 5.964694458129053967e-01
6.042771695000000136e+02 5.901175670664127182e-01
6.077574174000000085e+02 5.891823183238077410e-01
6.112360508000000436e+02 5.891433819205945666e-01
6.147146841999999651e+02 5.891044476718372280e-01
6.181933176000000003e+02 5.890655161161496567e-01
6.216719510000000355e+02 5.890265877921460058e-01
6.251489699999999630e+02 5.898836157837061833e-01
6.286211455000000115e+02 5.934418622689719980e-01
6.320949355999999852e+02 5.961147765990472136e-01
6.355735690000000204e+02 5.960753818353534683e-01
6.390522024000000556e+02 5.960359897647296012e-01
6.425340647000000445e+02 5.941874973528806780e-01
6.460223849000000200e+02 5.887541579280927140e-01
6.495042472999999745e+02 5.869282485223846768e-01
6.529925674999999501e+02 5.815612889593313461e-01
6.564744298000000526e+02 5.797576867894161934e-01
6.599611356000000342e+02 5.753301453796371145e-01
6.634413835000000290e+02 5.744183328076865047e-01
6.669167879000000312e+02 5.761291689565501972e-01
6.703873489999999720e+02 5.804861282384740084e-01
6.738643680000000131e+02 5.813307298673486834e-01
6.773333145999999942e+02 5.866180198078030372e-01
6.807974177999999483e+02 5.946589068337914119e-01
6.842566776999999547e+02 6.055651409540212526e-01
6.877062507000000551e+02 6.223212435262742703e-01
6.911412936000000400e+02 6.483501498980157596e-01
6.945844088000000056e+02 6.703535621736542716e-01
6.980113793000000442e+02 7.037195147763637415e-01
7.011755150000000185e+02 7.400986026035127896e-01
7.048620915000000196e+02 7.778775071796500962e-01
7.083003632999999581e+02 8.079526873740950910e-01
7.117450929999999971e+02 8.341037987901334105e-01
7.151978949000000512e+02 8.545816920520409310e-01
7.186523114000000305e+02 8.742324719417607914e-01
7.221148001000000249e+02 8.875638369642363523e-01
7.255805178000000524e+02 8.983632779400383406e-01
7.290462354999999661e+02 9.092941207935149039e-01
7.325184110999999803e+02 9.147790885208839651e-01
7.359873576999999614e+02 9.230991413171170112e-01
7.394546898999999485e+02 9.329118345150833047e-01
7.429300944000000300e+02 9.356904006666036944e-01
7.463990410000000111e+02 9.442006450543128926e-01
7.498776744000000463e+02 9.441382466269752083e-01
7.533563077999999678e+02 9.440758530471631271e-01
7.568317123000000493e+02 9.468876699929283935e-01
7.603087312999999767e+02 9.482653825635865008e-01
7.637857502000000522e+02 9.496450998554061274e-01
7.672643835999999737e+02 9.495823416339427281e-01
7.707430170999999746e+02 9.495195882600049320e-01
7.742168070999999827e+02 9.537963080657593240e-01
7.776954405000000179e+02 9.537332756897899388e-01
7.811789172999999664e+02 9.493313518372058502e-01
7.846575507000000016e+02 9.492686146216869902e-01
7.881410274999999501e+02 9.448872970620081357e-01
7.916196608999999853e+02 9.448248533910976743e-01
7.950934509999999591e+02 9.490804277513722464e-01
7.985720843999999943e+02 9.490177072328861430e-01
